-1.483477801084518433e-01
-6.131216883659362793e-03
-8.422672748565673828e-02
-1.485453993082046509e-01
1.571768820285797119e-01
-5.059322714805603027e-02
-8.856610953807830811e-02
-9.344026446342468262e-02
2.802426926791667938e-03
1.213676780462265015e-01
-1.504399925470352173e-01
-9.720905683934688568e-03
1.216837093234062195e-01
-7.562287151813507080e-02
-1.798126399517059326e-01
-2.289505302906036377e-02
4.291129484772682190e-02
2.065014690160751343e-01
1.851592957973480225e-01
-2.579628825187683105e-01
-1.786609292030334473e-01
-1.183886546641588211e-02
-9.419202804565429688e-03
-9.686582721769809723e-03
-1.087987981736660004e-02
-1.723297983407974243e-01
1.578667387366294861e-02
2.720939740538597107e-02
-6.477501988410949707e-02
-6.030810624361038208e-02
